              Open    High     Low   Close    Volume  Dividends  Stock Splits
Date                                                                         
2020-01-02  158.35  160.29  157.90  160.18  22622100       0.00             0
2020-01-03  157.89  159.51  157.63  158.19  21116200       0.00             0
2020-01-06  156.65  158.67  156.08  158.60  20813700       0.00             0
2020-01-07  158.89  159.24  156.89  157.15  21634100       0.00             0
2020-01-08  158.50  160.36  157.52  159.65  27746500       0.00             0
2020-01-09  161.40  161.78  160.59  161.65  21385000       0.00             0
2020-01-10  162.38  162.78  160.74  160.90  20725900       0.00             0
2020-01-13  161.32  162.87  160.82  162.84  21626500       0.00             0
2020-01-14  162.94  163.15  161.28  161.69  23477400       0.00             0
2020-01-15  162.18  163.49  162.13  162.74  21417900       0.00             0
2020-01-16  163.90  165.79  163.58  165.72  23865400       0.00             0
2020-01-17  166.96  167.01  164.98  166.64  34371700       0.00             0
2020-01-21  166.23  167.73  165.98  166.05  29517200       0.00             0
2020-01-22  166.94  167.03  165.23  165.25  24138800       0.00             0
2020-01-23  165.74  166.35  164.82  166.27  19680800       0.00             0
2020-01-24  167.05  167.07  164.00  164.59  24918100       0.00             0
2020-01-27  160.71  162.93  159.76  161.84  32078100       0.00             0
2020-01-28  163.33  165.31  162.63  165.01  24899900       0.00             0
2020-01-29  167.38  168.29  165.24  167.58  34754500       0.00             0
2020-01-30  173.58  173.58  170.32  172.31  51597500       0.00             0
2020-01-31  171.74  171.93  169.12  169.77  36142700       0.00             0
2020-02-03  169.97  174.02  169.94  173.90  30149100       0.00             0
2020-02-04  176.66  180.15  175.83  179.63  36433300       0.00             0
2020-02-05  183.53  183.70  177.92  179.41  39186300       0.00             0
2020-02-06  180.48  183.32  179.57  183.13  27751400       0.00             0
2020-02-07  182.35  185.12  181.98  183.39  33529100       0.00             0
2020-02-10  183.08  188.33  182.75  188.19  35844300       0.00             0
2020-02-11  190.13  190.18  183.00  183.94  53159900       0.00             0
2020-02-12  185.07  185.34  181.35  184.21  47062900       0.00             0
2020-02-13  182.58  185.72  182.37  183.21  35295800       0.00             0
2020-02-14  182.75  184.90  182.15  184.85  23149500       0.00             0
2020-02-18  185.10  187.19  184.99  186.72  27792200       0.00             0
2020-02-19  188.06  188.18  186.47  187.28  29997500       0.51             0
2020-02-20  186.95  187.25  181.10  184.42  36862400       0.00             0
2020-02-21  183.17  183.50  177.25  178.59  48572600       0.00             0
2020-02-24  167.77  174.55  163.23  170.89  68311100       0.00             0
2020-02-25  174.20  174.84  167.65  168.07  68073300       0.00             0
2020-02-26  169.71  173.26  168.21  170.17  56206100       0.00             0
2020-02-27  163.32  167.03  157.98  158.18  93174900       0.00             0
2020-02-28  152.41  163.71  152.00  162.01  97073600       0.00             0
2020-03-02  165.31  172.92  162.31  172.79  71030800       0.00             0
2020-03-03  173.80  175.00  162.26  164.51  71677000       0.00             0
2020-03-04  168.49  170.70  165.62  170.55  49814400       0.00             0
2020-03-05  166.05  170.87  165.69  166.27  47817300       0.00             0
2020-03-06  162.61  163.11  156.00  161.57  72821100       0.00             0
2020-03-09  151.00  157.75  150.00  150.62  70419300       0.00             0
2020-03-10  158.16  161.03  152.58  160.92  65354400       0.00             0
2020-03-11  157.13  157.70  151.15  153.63  56371600       0.00             0
2020-03-12  145.30  153.47  138.58  139.06  93226400       0.00             0
2020-03-13  147.50  161.91  140.73  158.83  92727400       0.00             0
